6.436781609195401099e-01
6.591954022988505413e-01
7.413793103448276245e-01
7.586206896551722645e-01
7.586206896551722645e-01
8.132183908045975684e-01
8.028735632183908733e-01
7.212643678160920446e-01
8.103448275862068506e-01
7.471264367816092822e-01
5.747126436781609948e-01
7.787356321839079554e-01
7.528735632183907178e-01
7.413793103448276245e-01
7.011494252873563537e-01
7.183908045977012158e-01
7.183908045977012158e-01
7.321839080459768834e-01
7.413793103448276245e-01
7.655172413793103203e-01
7.298850574712643091e-01
7.844827586206896131e-01
7.701149425287356909e-01
6.419540229885057903e-01
6.551724137931034253e-01
8.505747126436782324e-01
7.873563218390804419e-01
7.816091954022987842e-01
7.385057471264367956e-01
6.982758620689655249e-01
7.729885057471264087e-01
7.356321839080458558e-01
6.379310344827586743e-01
8.563218390804597790e-01
7.643678160919540332e-01
8.045977011494251929e-01
6.752873563218390052e-01
7.873563218390804419e-01
7.586206896551723755e-01
7.873563218390804419e-01
7.413793103448276245e-01
7.701149425287355799e-01
8.160919540229883973e-01
7.097701149425287293e-01
6.609195402298849720e-01
7.327586206896551380e-01
7.959770114942529284e-01
7.471264367816090601e-01
6.551724137931034253e-01
6.954022988505748071e-01
6.839080459770114917e-01
7.413793103448276245e-01
7.787356321839079554e-01
7.586206896551723755e-01
7.442528735632183423e-01
7.586206896551723755e-01
7.557471264367816577e-01
6.620689655172413701e-01
7.356321839080460778e-01
7.701149425287355799e-01
7.068965517241377894e-01
7.816091954022987842e-01
5.977011494252872925e-01
7.672413793103448620e-01
7.298850574712644201e-01
7.758620689655172376e-01
7.586206896551723755e-01
6.666666666666667407e-01
7.672413793103448620e-01
7.902298850574712707e-01
7.959770114942528174e-01
7.482758620689654583e-01
7.614942528735632044e-01
7.298850574712644201e-01
7.011494252873563537e-01
6.793103448275860101e-01
7.528735632183907178e-01
6.839080459770114917e-01
8.103448275862068506e-01
7.339080459770114251e-01
7.241379310344826514e-01
7.758620689655172376e-01
7.068965517241379004e-01
7.672413793103448620e-01
7.298850574712644201e-01
7.758620689655171265e-01
7.500000000000000000e-01
7.988505747126437573e-01
6.954022988505748071e-01
7.959770114942528174e-01
6.925287356321838672e-01
7.183908045977011048e-01
7.126436781609193361e-01
7.586206896551723755e-01
6.551724137931034253e-01
7.873563218390805529e-01
7.068965517241379004e-01
6.954022988505748071e-01
7.528735632183907178e-01
8.333333333333333703e-01
