7.327586206896550269e-01
7.471264367816092822e-01
7.643678160919540332e-01
7.109195402298849054e-01
8.160919540229885083e-01
7.183908045977011048e-01
7.241379310344827624e-01
5.919540229885056348e-01
6.982758620689655249e-01
7.298850574712643091e-01
6.781609195402298340e-01
6.821839080459769500e-01
7.701149425287355799e-01
7.442528735632183423e-01
6.833333333333333481e-01
7.816091954022988952e-01
7.356321839080459668e-01
7.701149425287355799e-01
7.528735632183909399e-01
6.419540229885057903e-01
6.293103448275861878e-01
7.385057471264366846e-01
7.701149425287355799e-01
7.787356321839079554e-01
6.206896551724138122e-01
7.011494252873563537e-01
6.551724137931034253e-01
7.471264367816090601e-01
7.643678160919540332e-01
6.609195402298850830e-01
7.212643678160920446e-01
7.816091954022988952e-01
5.459770114942529284e-01
7.586206896551723755e-01
7.614942528735632044e-01
6.465517241379310498e-01
7.586206896551723755e-01
7.902298850574711597e-01
6.264367816091954699e-01
6.879310344827584967e-01
7.097701149425287293e-01
7.511494252873562871e-01
7.339080459770114251e-01
8.074712643678160218e-01
7.586206896551723755e-01
7.873563218390805529e-01
7.241379310344827624e-01
7.931034482758620996e-01
8.028735632183907622e-01
7.816091954022987842e-01
7.224137931034482207e-01
7.586206896551722645e-01
7.298850574712644201e-01
6.781609195402298340e-01
7.643678160919539222e-01
7.011494252873562427e-01
7.270114942528734803e-01
7.931034482758620996e-01
6.867816091954023205e-01
7.298850574712644201e-01
7.298850574712644201e-01
8.132183908045976795e-01
7.298850574712644201e-01
7.413793103448275135e-01
7.701149425287356909e-01
8.103448275862067396e-01
7.643678160919540332e-01
7.385057471264367956e-01
7.385057471264367956e-01
6.264367816091954699e-01
7.873563218390804419e-01
6.839080459770116027e-01
8.160919540229885083e-01
7.758620689655172376e-01
7.126436781609196691e-01
7.183908045977011048e-01
7.988505747126437573e-01
5.977011494252874035e-01
8.275862068965517127e-01
7.844827586206896131e-01
7.356321839080460778e-01
7.643678160919540332e-01
7.528735632183909399e-01
6.954022988505745850e-01
7.873563218390804419e-01
6.091954022988506079e-01
7.959770114942528174e-01
7.155172413793102759e-01
7.672413793103448620e-01
6.120689655172413257e-01
7.586206896551723755e-01
8.045977011494251929e-01
7.298850574712644201e-01
7.327586206896550269e-01
8.362068965517240882e-01
8.160919540229883973e-01
6.764367816091952923e-01
7.528735632183907178e-01
7.212643678160918226e-01
7.614942528735632044e-01
