7.586206896551723755e-01
7.816091954022987842e-01
7.701149425287356909e-01
7.298850574712643091e-01
6.982758620689655249e-01
7.011494252873563537e-01
6.321839080459770166e-01
7.442528735632183423e-01
7.528735632183907178e-01
7.873563218390804419e-01
7.931034482758620996e-01
7.643678160919540332e-01
7.816091954022987842e-01
8.218390804597700550e-01
6.695402298850573475e-01
7.270114942528735913e-01
7.988505747126436463e-01
7.068965517241379004e-01
6.821839080459769500e-01
7.097701149425287293e-01
5.977011494252874035e-01
7.500000000000000000e-01
7.270114942528734803e-01
7.356321839080460778e-01
6.637931034482759118e-01
