6.666666666666666297e-01
6.781609195402299450e-01
7.011494252873563537e-01
7.327586206896550269e-01
7.988505747126436463e-01
7.356321839080459668e-01
7.758620689655172376e-01
7.844827586206896131e-01
7.816091954022987842e-01
7.241379310344827624e-01
6.752873563218391162e-01
8.390804597701149170e-01
7.557471264367816577e-01
7.068965517241377894e-01
8.390804597701150280e-01
6.494252873563218786e-01
7.471264367816089491e-01
7.729885057471265197e-01
7.931034482758620996e-01
8.017241379310343641e-01
8.275862068965517127e-01
7.327586206896551380e-01
7.988505747126437573e-01
7.327586206896551380e-01
7.586206896551723755e-01
7.614942528735632044e-01
6.839080459770114917e-01
8.045977011494254150e-01
7.873563218390804419e-01
7.356321839080459668e-01
8.275862068965516016e-01
7.022988505747126409e-01
7.011494252873563537e-01
7.643678160919540332e-01
7.931034482758620996e-01
7.931034482758620996e-01
7.270114942528734803e-01
6.839080459770114917e-01
7.155172413793102759e-01
7.873563218390804419e-01
7.183908045977011048e-01
7.109195402298852384e-01
7.500000000000000000e-01
8.045977011494251929e-01
7.327586206896550269e-01
7.298850574712644201e-01
7.166666666666665630e-01
7.586206896551723755e-01
6.666666666666667407e-01
7.327586206896552490e-01
7.931034482758620996e-01
8.074712643678161328e-01
7.413793103448276245e-01
7.701149425287355799e-01
7.931034482758620996e-01
7.413793103448276245e-01
7.068965517241379004e-01
7.356321839080459668e-01
7.672413793103448620e-01
7.471264367816092822e-01
6.362068965517241326e-01
7.155172413793103869e-01
6.810344827586206629e-01
6.724137931034482873e-01
8.275862068965517127e-01
7.356321839080459668e-01
7.471264367816090601e-01
7.557471264367815467e-01
7.298850574712643091e-01
7.500000000000000000e-01
7.672413793103447510e-01
7.586206896551723755e-01
7.528735632183907178e-01
7.988505747126437573e-01
7.011494252873562427e-01
6.954022988505748071e-01
7.655172413793103203e-01
7.586206896551724865e-01
7.356321839080460778e-01
7.557471264367815467e-01
7.528735632183907178e-01
7.126436781609195581e-01
7.385057471264366846e-01
7.758620689655172376e-01
7.614942528735632044e-01
7.241379310344827624e-01
8.591954022988506079e-01
8.448275862068965747e-01
6.954022988505749181e-01
6.896551724137931494e-01
6.752873563218390052e-01
7.614942528735632044e-01
6.551724137931034253e-01
7.758620689655172376e-01
6.609195402298849720e-01
6.321839080459771276e-01
7.931034482758620996e-01
7.126436781609195581e-01
6.264367816091954699e-01
7.137931034482759562e-01
