7.988505747126436463e-01
7.816091954022988952e-01
7.367816091954021429e-01
7.413793103448276245e-01
7.931034482758619886e-01
5.977011494252874035e-01
7.586206896551723755e-01
7.643678160919539222e-01
7.212643678160920446e-01
8.189655172413793371e-01
6.925287356321838672e-01
7.442528735632183423e-01
7.931034482758620996e-01
7.413793103448276245e-01
7.931034482758620996e-01
7.471264367816092822e-01
6.666666666666667407e-01
7.327586206896551380e-01
7.080459770114941875e-01
7.643678160919539222e-01
6.264367816091954699e-01
8.045977011494251929e-01
7.902298850574712707e-01
8.017241379310343641e-01
7.442528735632183423e-01
6.896551724137931494e-01
7.614942528735633154e-01
6.896551724137931494e-01
7.902298850574712707e-01
7.988505747126436463e-01
7.528735632183907178e-01
8.103448275862067396e-01
7.816091954022988952e-01
6.494252873563217676e-01
7.471264367816092822e-01
8.620689655172413257e-01
7.281609195402298784e-01
7.356321839080458558e-01
7.482758620689653473e-01
7.011494252873561317e-01
7.471264367816090601e-01
7.068965517241377894e-01
7.356321839080458558e-01
7.586206896551723755e-01
6.580459770114942541e-01
7.586206896551722645e-01
6.206896551724138122e-01
8.160919540229885083e-01
8.247126436781609948e-01
7.758620689655171265e-01
7.528735632183907178e-01
7.902298850574711597e-01
8.132183908045976795e-01
6.666666666666666297e-01
7.816091954022988952e-01
7.586206896551723755e-01
6.494252873563218786e-01
7.471264367816092822e-01
7.931034482758619886e-01
7.212643678160918226e-01
8.103448275862068506e-01
7.643678160919540332e-01
6.494252873563217676e-01
6.839080459770116027e-01
8.017241379310344751e-01
7.183908045977011048e-01
7.701149425287355799e-01
6.839080459770114917e-01
7.298850574712644201e-01
7.499999999999998890e-01
7.327586206896550269e-01
7.942528735632182757e-01
8.132183908045976795e-01
7.816091954022986732e-01
7.643678160919540332e-01
8.390804597701149170e-01
7.643678160919540332e-01
7.356321839080460778e-01
7.844827586206896131e-01
6.534482758620689946e-01
7.183908045977012158e-01
7.482758620689655693e-01
7.068965517241379004e-01
7.413793103448275135e-01
6.839080459770116027e-01
6.781609195402298340e-01
7.465517241379310276e-01
7.183908045977012158e-01
7.126436781609194471e-01
8.103448275862068506e-01
7.540229885057470050e-01
7.586206896551723755e-01
7.126436781609194471e-01
7.499999999999998890e-01
6.591954022988505413e-01
7.298850574712644201e-01
6.522988505747127075e-01
7.408045977011494809e-01
7.528735632183907178e-01
6.666666666666666297e-01
7.183908045977012158e-01
7.511494252873562871e-01
7.500000000000000000e-01
7.729885057471264087e-01
7.816091954022988952e-01
7.816091954022988952e-01
6.781609195402298340e-01
6.896551724137931494e-01
7.471264367816092822e-01
8.103448275862068506e-01
7.011494252873563537e-01
7.931034482758619886e-01
7.241379310344827624e-01
8.160919540229885083e-01
7.873563218390805529e-01
7.701149425287355799e-01
6.982758620689655249e-01
7.356321839080460778e-01
8.160919540229885083e-01
8.275862068965516016e-01
7.528735632183907178e-01
6.551724137931034253e-01
6.925287356321838672e-01
7.931034482758620996e-01
7.396551724137929718e-01
7.040229885057470716e-01
7.931034482758620996e-01
6.609195402298850830e-01
6.925287356321838672e-01
6.494252873563218786e-01
6.896551724137931494e-01
8.103448275862067396e-01
6.321839080459770166e-01
7.931034482758620996e-01
6.379310344827586743e-01
6.551724137931034253e-01
8.218390804597700550e-01
7.701149425287355799e-01
6.896551724137931494e-01
7.500000000000000000e-01
8.333333333333332593e-01
7.931034482758620996e-01
7.327586206896551380e-01
7.051724137931034697e-01
6.925287356321838672e-01
7.816091954022988952e-01
7.672413793103447510e-01
6.321839080459771276e-01
7.672413793103447510e-01
7.327586206896551380e-01
8.045977011494251929e-01
7.844827586206896131e-01
7.183908045977009937e-01
7.183908045977011048e-01
7.356321839080459668e-01
7.494252873563217454e-01
8.045977011494251929e-01
7.672413793103447510e-01
7.614942528735632044e-01
7.873563218390804419e-01
7.011494252873563537e-01
7.270114942528734803e-01
6.867816091954023205e-01
6.551724137931034253e-01
7.614942528735632044e-01
5.890804597701150280e-01
6.465517241379310498e-01
7.528735632183909399e-01
6.551724137931033143e-01
6.321839080459771276e-01
7.126436781609195581e-01
6.609195402298850830e-01
6.494252873563218786e-01
7.155172413793102759e-01
6.551724137931034253e-01
6.637931034482756898e-01
7.931034482758620996e-01
6.379310344827586743e-01
7.614942528735632044e-01
6.724137931034482873e-01
7.614942528735632044e-01
7.183908045977012158e-01
7.413793103448276245e-01
7.155172413793103869e-01
8.045977011494251929e-01
7.298850574712643091e-01
7.614942528735632044e-01
7.356321839080460778e-01
7.137931034482758452e-01
7.856321839080459002e-01
6.034482758620689502e-01
7.614942528735633154e-01
7.672413793103447510e-01
7.597701149425286626e-01
6.551724137931034253e-01
7.586206896551723755e-01
7.816091954022987842e-01
6.436781609195402210e-01
7.241379310344826514e-01
7.183908045977011048e-01
6.247126436781608172e-01
7.413793103448275135e-01
7.270114942528734803e-01
8.218390804597700550e-01
7.528735632183907178e-01
8.333333333333332593e-01
7.655172413793104313e-01
8.448275862068965747e-01
7.126436781609194471e-01
7.413793103448275135e-01
7.672413793103448620e-01
8.247126436781609948e-01
6.896551724137931494e-01
6.321839080459770166e-01
7.758620689655172376e-01
7.241379310344827624e-01
7.097701149425287293e-01
7.586206896551723755e-01
7.298850574712643091e-01
6.839080459770116027e-01
7.614942528735632044e-01
7.614942528735632044e-01
8.563218390804597790e-01
7.816091954022987842e-01
7.586206896551723755e-01
7.339080459770114251e-01
7.471264367816092822e-01
7.356321839080458558e-01
6.091954022988506079e-01
6.994252873563218120e-01
6.609195402298849720e-01
7.499999999999998890e-01
7.614942528735632044e-01
7.586206896551723755e-01
7.097701149425288403e-01
6.896551724137931494e-01
8.103448275862068506e-01
6.896551724137931494e-01
7.701149425287355799e-01
7.586206896551723755e-01
6.896551724137931494e-01
7.155172413793102759e-01
7.040229885057470716e-01
7.183908045977011048e-01
7.614942528735632044e-01
6.925287356321839782e-01
7.672413793103448620e-01
7.183908045977011048e-01
7.614942528735632044e-01
7.212643678160918226e-01
