6.925287356321838672e-01
7.971264367816091045e-01
7.298850574712644201e-01
7.701149425287355799e-01
7.873563218390805529e-01
7.758620689655172376e-01
7.816091954022988952e-01
7.413793103448276245e-01
7.701149425287356909e-01
7.471264367816090601e-01
7.672413793103449731e-01
7.040229885057470716e-01
7.586206896551721535e-01
7.672413793103448620e-01
6.925287356321839782e-01
7.931034482758619886e-01
7.701149425287356909e-01
7.557471264367816577e-01
7.413793103448276245e-01
6.666666666666666297e-01
7.385057471264367956e-01
7.586206896551722645e-01
5.689655172413793371e-01
6.609195402298850830e-01
7.931034482758620996e-01
6.666666666666667407e-01
7.931034482758620996e-01
6.954022988505745850e-01
8.132183908045976795e-01
7.155172413793102759e-01
7.758620689655172376e-01
6.735632183908045745e-01
6.724137931034482873e-01
7.425287356321836896e-01
5.775862068965517127e-01
7.557471264367814356e-01
7.471264367816092822e-01
7.701149425287355799e-01
6.954022988505748071e-01
7.701149425287355799e-01
6.867816091954023205e-01
8.074712643678161328e-01
7.155172413793103869e-01
7.816091954022988952e-01
7.442528735632183423e-01
7.298850574712643091e-01
7.011494252873563537e-01
7.471264367816092822e-01
8.045977011494251929e-01
7.586206896551723755e-01
7.511494252873562871e-01
7.183908045977009937e-01
7.701149425287356909e-01
8.074712643678160218e-01
7.413793103448276245e-01
7.643678160919539222e-01
7.183908045977011048e-01
7.126436781609195581e-01
8.103448275862068506e-01
8.160919540229885083e-01
7.528735632183907178e-01
7.183908045977011048e-01
6.235632183908046411e-01
7.241379310344827624e-01
7.166666666666666741e-01
7.758620689655172376e-01
7.816091954022987842e-01
7.385057471264367956e-01
7.356321839080460778e-01
5.632183908045976795e-01
7.356321839080459668e-01
7.471264367816092822e-01
6.781609195402299450e-01
6.091954022988504969e-01
7.816091954022987842e-01
6.965517241379309832e-01
7.471264367816092822e-01
7.528735632183907178e-01
7.442528735632184533e-01
7.339080459770114251e-01
7.614942528735632044e-01
7.902298850574711597e-01
7.413793103448276245e-01
6.264367816091954699e-01
7.557471264367815467e-01
7.068965517241379004e-01
7.568965517241379448e-01
7.528735632183907178e-01
6.591954022988504303e-01
7.931034482758620996e-01
7.741379310344826958e-01
7.413793103448276245e-01
6.063218390804597790e-01
7.557471264367816577e-01
7.701149425287355799e-01
7.626436781609196025e-01
7.183908045977011048e-01
7.040229885057471826e-01
7.040229885057471826e-01
7.873563218390803309e-01
