7.557471264367816577e-01
7.183908045977009937e-01
7.643678160919539222e-01
7.442528735632183423e-01
7.873563218390805529e-01
6.321839080459770166e-01
7.557471264367815467e-01
7.321839080459768834e-01
6.867816091954022095e-01
7.356321839080459668e-01
7.873563218390804419e-01
6.839080459770114917e-01
7.413793103448276245e-01
7.298850574712644201e-01
6.120689655172412147e-01
7.327586206896551380e-01
7.614942528735632044e-01
7.758620689655172376e-01
6.293103448275860767e-01
7.327586206896551380e-01
8.333333333333333703e-01
7.672413793103448620e-01
7.816091954022987842e-01
7.270114942528734803e-01
7.011494252873563537e-01
6.954022988505745850e-01
6.379310344827586743e-01
7.931034482758620996e-01
6.781609195402299450e-01
6.321839080459770166e-01
7.816091954022988952e-01
7.758620689655172376e-01
6.609195402298849720e-01
8.103448275862068506e-01
6.235632183908046411e-01
7.356321839080459668e-01
7.643678160919539222e-01
7.500000000000000000e-01
7.931034482758620996e-01
7.442528735632183423e-01
7.557471264367816577e-01
7.586206896551723755e-01
6.264367816091953589e-01
7.816091954022987842e-01
6.850574712643676678e-01
6.264367816091954699e-01
7.068965517241379004e-01
7.298850574712644201e-01
6.954022988505748071e-01
7.988505747126437573e-01
6.839080459770114917e-01
7.816091954022987842e-01
5.804597701149425415e-01
7.356321839080460778e-01
7.298850574712643091e-01
7.672413793103448620e-01
7.241379310344827624e-01
7.413793103448276245e-01
7.643678160919540332e-01
7.471264367816092822e-01
6.925287356321838672e-01
7.270114942528734803e-01
6.781609195402299450e-01
6.954022988505748071e-01
7.126436781609194471e-01
7.442528735632184533e-01
7.183908045977012158e-01
7.816091954022987842e-01
6.494252873563217676e-01
6.637931034482759118e-01
7.356321839080459668e-01
7.183908045977012158e-01
7.988505747126436463e-01
7.580459770114941209e-01
6.908045977011494365e-01
6.321839080459770166e-01
6.603448275862068284e-01
6.982758620689655249e-01
7.758620689655172376e-01
7.442528735632184533e-01
7.873563218390805529e-01
7.270114942528734803e-01
7.798850574712642425e-01
7.183908045977012158e-01
7.241379310344827624e-01
7.643678160919540332e-01
6.867816091954022095e-01
7.413793103448275135e-01
8.103448275862068506e-01
7.931034482758619886e-01
7.701149425287356909e-01
7.321839080459768834e-01
7.270114942528734803e-01
7.068965517241379004e-01
6.436781609195401099e-01
6.436781609195402210e-01
7.672413793103447510e-01
6.293103448275860767e-01
7.988505747126437573e-01
7.367816091954021429e-01
