6.896551724137931494e-01
7.931034482758620996e-01
7.356321839080460778e-01
7.614942528735632044e-01
7.471264367816090601e-01
6.494252873563218786e-01
7.873563218390804419e-01
6.551724137931034253e-01
8.333333333333333703e-01
7.701149425287356909e-01
6.034482758620689502e-01
7.557471264367815467e-01
7.729885057471265197e-01
6.563218390804596014e-01
7.241379310344827624e-01
7.298850574712644201e-01
8.505747126436781214e-01
7.586206896551722645e-01
7.758620689655172376e-01
6.908045977011493255e-01
6.178160919540229834e-01
8.275862068965517127e-01
7.758620689655172376e-01
7.729885057471264087e-01
6.206896551724138122e-01
7.528735632183909399e-01
6.724137931034482873e-01
6.235632183908045301e-01
7.471264367816090601e-01
7.097701149425287293e-01
7.241379310344826514e-01
7.643678160919540332e-01
7.413793103448276245e-01
7.241379310344827624e-01
6.781609195402298340e-01
8.333333333333333703e-01
8.103448275862067396e-01
7.241379310344826514e-01
7.499999999999998890e-01
7.413793103448275135e-01
7.413793103448276245e-01
7.988505747126437573e-01
8.333333333333333703e-01
7.959770114942529284e-01
7.988505747126437573e-01
7.126436781609194471e-01
7.500000000000000000e-01
7.528735632183907178e-01
7.557471264367815467e-01
7.206896551724137900e-01
7.528735632183909399e-01
6.982758620689655249e-01
6.293103448275861878e-01
8.028735632183907622e-01
7.511494252873562871e-01
7.183908045977011048e-01
8.160919540229885083e-01
7.471264367816092822e-01
7.499999999999998890e-01
7.068965517241379004e-01
7.528735632183907178e-01
7.614942528735633154e-01
6.264367816091954699e-01
7.643678160919539222e-01
8.218390804597700550e-01
6.551724137931033143e-01
6.810344827586206629e-01
7.500000000000000000e-01
6.321839080459770166e-01
6.896551724137931494e-01
7.183908045977012158e-01
7.626436781609196025e-01
7.557471264367815467e-01
7.413793103448275135e-01
6.839080459770114917e-01
7.643678160919540332e-01
8.218390804597700550e-01
6.494252873563217676e-01
7.126436781609195581e-01
7.183908045977009937e-01
8.017241379310344751e-01
7.471264367816090601e-01
7.988505747126434242e-01
6.034482758620689502e-01
7.873563218390804419e-01
7.787356321839079554e-01
6.206896551724137012e-01
7.212643678160920446e-01
7.367816091954021429e-01
7.643678160919540332e-01
5.919540229885057459e-01
7.068965517241379004e-01
7.080459770114941875e-01
6.896551724137931494e-01
7.844827586206895020e-01
7.511494252873562871e-01
7.040229885057470716e-01
6.781609195402298340e-01
7.643678160919540332e-01
7.931034482758620996e-01
