7.557471264367816577e-01
7.643678160919540332e-01
6.982758620689654139e-01
7.298850574712643091e-01
7.442528735632183423e-01
7.183908045977011048e-01
7.500000000000000000e-01
7.988505747126436463e-01
7.241379310344826514e-01
7.844827586206896131e-01
7.471264367816090601e-01
6.954022988505748071e-01
8.160919540229883973e-01
7.051724137931034697e-01
7.614942528735633154e-01
7.097701149425288403e-01
6.873563218390803531e-01
7.137931034482759562e-01
7.701149425287355799e-01
6.408045977011493921e-01
7.040229885057471826e-01
7.816091954022987842e-01
7.413793103448276245e-01
6.149425287356321546e-01
6.321839080459770166e-01
8.362068965517240882e-01
6.896551724137931494e-01
7.471264367816090601e-01
7.988505747126437573e-01
8.247126436781608838e-01
7.241379310344826514e-01
7.413793103448276245e-01
7.080459770114941875e-01
7.873563218390804419e-01
7.844827586206896131e-01
7.155172413793103869e-01
7.557471264367816577e-01
7.499999999999998890e-01
7.643678160919538112e-01
7.126436781609194471e-01
7.931034482758620996e-01
7.068965517241377894e-01
7.701149425287355799e-01
7.758620689655172376e-01
7.442528735632182313e-01
7.442528735632183423e-01
6.649425287356320879e-01
7.068965517241379004e-01
7.902298850574711597e-01
6.609195402298849720e-01
7.931034482758620996e-01
6.781609195402298340e-01
5.890804597701150280e-01
7.166666666666665630e-01
6.936781609195401543e-01
7.471264367816092822e-01
7.729885057471265197e-01
7.310344827586207073e-01
7.712643678160918670e-01
7.327586206896550269e-01
7.816091954022988952e-01
6.149425287356322656e-01
8.045977011494251929e-01
7.655172413793103203e-01
6.666666666666666297e-01
7.367816091954021429e-01
6.839080459770114917e-01
5.689655172413793371e-01
7.471264367816092822e-01
7.298850574712644201e-01
7.270114942528735913e-01
7.356321839080459668e-01
7.040229885057470716e-01
7.413793103448276245e-01
5.517241379310344751e-01
7.528735632183907178e-01
7.385057471264369067e-01
7.729885057471265197e-01
7.499999999999998890e-01
7.482758620689653473e-01
7.442528735632183423e-01
7.471264367816090601e-01
7.557471264367815467e-01
7.327586206896551380e-01
7.310344827586205962e-01
7.683908045977012602e-01
7.367816091954024760e-01
7.241379310344827624e-01
7.471264367816092822e-01
6.781609195402299450e-01
7.011494252873562427e-01
6.545977011494251707e-01
6.436781609195402210e-01
7.126436781609195581e-01
5.977011494252874035e-01
7.471264367816090601e-01
7.385057471264366846e-01
7.988505747126436463e-01
7.701149425287355799e-01
7.500000000000000000e-01
7.816091954022988952e-01
6.781609195402299450e-01
8.160919540229883973e-01
8.333333333333333703e-01
7.988505747126436463e-01
5.689655172413793371e-01
7.844827586206896131e-01
8.103448275862068506e-01
7.528735632183909399e-01
7.528735632183907178e-01
7.011494252873563537e-01
6.666666666666666297e-01
8.160919540229883973e-01
7.931034482758620996e-01
7.298850574712643091e-01
8.333333333333333703e-01
7.241379310344827624e-01
7.701149425287354688e-01
7.528735632183907178e-01
7.528735632183909399e-01
7.270114942528735913e-01
7.614942528735632044e-01
5.919540229885057459e-01
6.896551724137931494e-01
7.413793103448276245e-01
7.241379310344827624e-01
7.614942528735632044e-01
6.695402298850574585e-01
8.045977011494251929e-01
6.896551724137931494e-01
5.804597701149425415e-01
6.695402298850574585e-01
7.298850574712643091e-01
7.683908045977012602e-01
7.471264367816092822e-01
6.005747126436781214e-01
6.839080459770116027e-01
6.034482758620689502e-01
7.385057471264367956e-01
7.442528735632183423e-01
6.724137931034482873e-01
7.471264367816090601e-01
7.212643678160920446e-01
6.379310344827586743e-01
8.333333333333333703e-01
7.327586206896551380e-01
7.183908045977012158e-01
7.356321839080459668e-01
7.270114942528734803e-01
8.333333333333333703e-01
7.758620689655172376e-01
8.160919540229885083e-01
7.586206896551722645e-01
6.293103448275861878e-01
7.183908045977011048e-01
7.729885057471265197e-01
7.873563218390804419e-01
7.080459770114941875e-01
6.580459770114941431e-01
7.873563218390803309e-01
7.126436781609195581e-01
7.988505747126436463e-01
7.758620689655172376e-01
7.385057471264367956e-01
7.499999999999998890e-01
7.557471264367816577e-01
7.252873563218391606e-01
6.287356321839079332e-01
7.356321839080460778e-01
7.310344827586205962e-01
7.701149425287355799e-01
8.160919540229885083e-01
7.385057471264366846e-01
6.850574712643677788e-01
7.298850574712643091e-01
7.959770114942528174e-01
7.614942528735632044e-01
6.321839080459770166e-01
7.816091954022988952e-01
8.160919540229885083e-01
7.959770114942528174e-01
7.586206896551723755e-01
7.586206896551723755e-01
8.275862068965517127e-01
8.160919540229885083e-01
7.471264367816092822e-01
6.666666666666667407e-01
7.149425287356321324e-01
8.448275862068965747e-01
7.413793103448276245e-01
8.390804597701149170e-01
6.609195402298850830e-01
7.356321839080459668e-01
7.931034482758620996e-01
7.672413793103448620e-01
6.419540229885056792e-01
7.643678160919539222e-01
7.586206896551723755e-01
7.068965517241379004e-01
7.068965517241379004e-01
7.701149425287355799e-01
7.241379310344827624e-01
8.563218390804597790e-01
7.672413793103448620e-01
7.413793103448276245e-01
8.218390804597700550e-01
7.413793103448275135e-01
8.045977011494251929e-01
7.270114942528734803e-01
6.551724137931033143e-01
8.045977011494254150e-01
6.494252873563218786e-01
7.672413793103448620e-01
8.103448275862068506e-01
7.356321839080459668e-01
7.413793103448276245e-01
7.425287356321838006e-01
7.758620689655172376e-01
7.557471264367815467e-01
7.298850574712644201e-01
7.471264367816090601e-01
7.643678160919539222e-01
7.298850574712643091e-01
8.563218390804597790e-01
7.385057471264366846e-01
8.103448275862068506e-01
7.206896551724137900e-01
7.528735632183907178e-01
6.321839080459771276e-01
7.873563218390804419e-01
6.839080459770114917e-01
7.758620689655172376e-01
7.672413793103448620e-01
7.068965517241379004e-01
8.045977011494251929e-01
7.471264367816090601e-01
7.327586206896551380e-01
7.385057471264367956e-01
6.752873563218390052e-01
7.183908045977011048e-01
6.091954022988506079e-01
7.183908045977012158e-01
8.448275862068965747e-01
7.166666666666665630e-01
7.155172413793100539e-01
6.465517241379310498e-01
8.045977011494251929e-01
8.017241379310344751e-01
7.137931034482759562e-01
8.160919540229885083e-01
